./main datos/dataset.cc
*************************
#1
Pesos: (5.00000e-01, 5.00000e-01)
Medias: ([1.21196e+04 1.06514e+03 4.84468e+01 1.37572e+03 5.10162e+02 1.18476e+03 -4.19955e+01 7.38816e+02 -2.86761e+02 8.57580e+02 1.72126e+02 9.11548e+02 1.83864e+02 1.51711e+02 -5.72249e+01 -1.42674e+02 -1.49891e+02 -1.62489e+02 -7.09607e+01 2.45927e+01 -2.80263e+01 -2.84988e+01 -3.03016e+01 -7.12911e+01 -9.15852e+00 -4.41574e+01 9.03889e+02 9.80096e+01 -1.10650e+02 -3.47369e+01 -8.22590e+01 6.23485e+01 3.72968e+01 3.75684e+01 2.08170e+01 7.01528e+01 -5.64671e+01 4.18077e+01 -1.31506e+01], [1.61850e+04 1.87341e+03 -2.42976e+02 1.64486e+03 8.16257e+02 1.78026e+03 7.05490e+01 1.45050e+03 -9.91050e+01 1.13189e+03 1.99248e+02 1.16624e+03 3.16974e+02 1.14136e+03 2.38542e+02 -4.58930e+01 -1.04892e+01 -3.35408e+02 -1.56853e+02 4.43355e+01 -5.69385e+01 -8.55164e+01 -8.21192e+01 2.91363e+01 4.61166e+01 -6.13960e+01 2.66639e+02 3.13798e+01 -2.03157e+01 1.68309e+01 -8.12998e+01 -6.82868e+01 -6.61520e+00 1.11929e+00 -9.02032e+00 -3.52806e-01 8.87440e+00 -4.22335e+00 -1.92001e+01])
Verosimilitud: -1.79769e+308
*************************
#6
Pesos: (2.03668e-01, 7.96332e-01)
Medias: ([1.05579e+04 3.46138e+01 -1.84432e+02 9.62826e+02 -1.39252e+02 9.25589e+02 -1.60886e+02 8.21594e+02 -1.58009e+02 7.52853e+02 -1.08755e+02 6.44527e+02 -8.94202e+01 9.42942e+00 -3.14496e+01 -1.99377e+01 -5.94373e+00 -1.07991e+01 -3.98001e+00 -7.96447e+00 -4.23466e+00 -6.56060e+00 -2.70181e+00 -6.53885e+00 -3.51959e+00 -5.48847e+00 1.41127e+02 2.58681e+01 -8.24801e+00 1.19709e+01 6.74107e-01 4.65786e+00 1.93476e+00 6.92839e+00 1.64801e+00 7.14995e+00 9.38930e-01 7.72630e+00 3.99855e-01], [1.78903e+04 1.65827e+03 -3.30597e+02 1.75594e+03 1.00402e+02 1.26781e+03 -6.64465e+00 1.23432e+03 -5.56920e+01 1.15630e+03 -1.36702e+01 1.07898e+03 6.72765e+00 -8.30080e+00 6.86838e+00 5.55849e+00 1.20130e+00 2.71770e+00 7.98221e-01 2.05093e+00 9.18545e-01 1.69725e+00 3.61054e-01 1.62846e+00 7.10187e-01 1.39384e+00 -3.77896e+01 -6.42307e+00 2.27216e+00 -3.21865e+00 -1.47201e-01 -1.37516e+00 -4.53852e-01 -1.92880e+00 -3.96126e-01 -1.96373e+00 -2.17230e-01 -2.06168e+00 -7.03203e-02])
Verosimilitud: -2.81114e+08
*************************
#11
Pesos: (1.67262e-01, 8.32738e-01)
Medias: ([1.02806e+04 -6.06374e+01 -1.90779e+02 9.26894e+02 -1.56749e+02 9.09528e+02 -1.75901e+02 8.04799e+02 -1.67525e+02 7.36465e+02 -1.19208e+02 6.24668e+02 -1.00528e+02 -2.58902e+00 -2.27782e+01 -1.22925e+01 -2.07757e+00 -4.89321e+00 -1.80233e+00 -4.27638e+00 -2.63709e+00 -3.96467e+00 -2.34959e+00 -4.44464e+00 -2.36630e+00 -3.39707e+00 9.25846e+01 2.00031e+01 -5.50712e+00 8.03267e+00 8.90549e-01 2.61278e+00 2.20352e+00 4.60823e+00 1.73506e+00 4.73195e+00 1.28119e+00 5.32426e+00 8.99450e-01], [1.76255e+04 1.60642e+03 -3.22932e+02 1.72848e+03 9.34386e+01 1.25607e+03 -1.03720e+01 1.21965e+03 -5.82539e+01 1.14195e+03 -1.57278e+01 1.06398e+03 4.75517e+00 -5.11167e+00 3.45144e+00 2.90823e+00 1.12384e-01 9.40506e-01 1.51919e-01 8.72287e-01 3.72368e-01 8.14817e-01 1.56404e-01 8.50755e-01 2.93617e-01 6.72878e-01 -2.02175e+01 -3.83329e+00 1.26170e+00 -1.76357e+00 -1.54768e-01 -7.00635e-01 -4.03408e-01 -1.07555e+00 -3.24243e-01 -1.07961e+00 -2.35430e-01 -1.15129e+00 -1.50112e-01])
Verosimilitud: -2.80979e+08
*************************
#16
Pesos: (1.52339e-01, 8.47661e-01)
Medias: ([1.01987e+04 -9.59505e+01 -2.05784e+02 9.09336e+02 -1.67362e+02 9.00652e+02 -1.81467e+02 7.98361e+02 -1.70404e+02 7.31464e+02 -1.22983e+02 6.17441e+02 -1.05121e+02 -4.71727e+01 -2.02933e+01 -1.91415e+00 -1.41884e+00 1.07580e-01 -1.21965e+00 -1.81284e+00 -2.88384e+00 -1.88578e+00 -3.41996e+00 -2.65434e+00 -2.91113e+00 -1.64337e+00 4.85711e+01 1.22927e+01 -3.65415e+00 4.24942e+00 5.59882e-01 5.89865e-01 1.66237e+00 2.18537e+00 1.12185e+00 2.29012e+00 1.01548e+00 2.84134e+00 8.03832e-01], [1.75109e+04 1.58342e+03 -3.17909e+02 1.71752e+03 9.09416e+01 1.25157e+03 -1.22858e+01 1.21350e+03 -5.96601e+01 1.13571e+03 -1.68710e+01 1.05754e+03 3.72719e+00 2.94518e+00 2.54310e+00 7.75467e-01 -4.45540e-02 -6.09186e-02 1.27977e-02 3.38907e-01 3.63734e-01 3.57063e-01 3.04651e-01 4.35784e-01 3.44707e-01 2.86060e-01 -1.03217e+01 -2.02798e+00 8.09531e-01 -9.11194e-01 -7.69392e-02 -2.78753e-01 -2.60260e-01 -5.40063e-01 -1.77784e-01 -5.38465e-01 -1.60977e-01 -5.91073e-01 -1.14451e-01])
Verosimilitud: -2.80927e+08
*************************
#21
Pesos: (1.48796e-01, 8.51204e-01)
Medias: ([1.01822e+04 -1.02564e+02 -2.08722e+02 9.06178e+02 -1.68911e+02 8.99188e+02 -1.82179e+02 7.97331e+02 -1.70571e+02 7.30619e+02 -1.23518e+02 6.16130e+02 -1.05888e+02 -5.04629e+01 -1.93812e+01 -3.47288e-01 -1.05247e+00 8.86422e-01 -8.03245e-01 -1.35399e+00 -2.65119e+00 -1.51390e+00 -3.31235e+00 -2.29709e+00 -2.77193e+00 -1.33113e+00 3.83989e+01 1.05922e+01 -3.07061e+00 3.39593e+00 5.44541e-01 1.28760e-01 1.45939e+00 1.59931e+00 9.40437e-01 1.71912e+00 9.42324e-01 2.26807e+00 7.62115e-01], [1.74833e+04 1.57759e+03 -3.16928e+02 1.71471e+03 9.01371e+01 1.25036e+03 -1.28655e+01 1.21195e+03 -6.00919e+01 1.13418e+03 -1.72192e+01 1.05594e+03 3.40828e+00 3.31170e+00 2.28860e+00 4.90375e-01 -1.14318e-01 -1.96363e-01 -6.51223e-02 2.49741e-01 3.09548e-01 2.82720e-01 2.70335e-01 3.60473e-01 3.06821e-01 2.23447e-01 -8.29836e+00 -1.67111e+00 6.88945e-01 -7.40517e-01 -7.16067e-02 -1.94533e-01 -2.16776e-01 -4.26271e-01 -1.40663e-01 -4.26876e-01 -1.43292e-01 -4.76575e-01 -1.03336e-01])
Verosimilitud: -2.80919e+08
*************************
#26
Pesos: (1.48552e-01, 8.51448e-01)
Medias: ([1.01808e+04 -1.03103e+02 -2.08812e+02 9.06046e+02 -1.68949e+02 8.99141e+02 -1.82219e+02 7.97258e+02 -1.70597e+02 7.30544e+02 -1.23570e+02 6.16040e+02 -1.05936e+02 -5.03509e+01 -1.92933e+01 -3.15092e-01 -1.03119e+00 9.12135e-01 -7.81178e-01 -1.32791e+00 -2.62947e+00 -1.49669e+00 -3.29745e+00 -2.27741e+00 -2.75380e+00 -1.31487e+00 3.79772e+01 1.05270e+01 -3.04413e+00 3.35719e+00 5.42248e-01 1.08353e-01 1.44878e+00 1.57478e+00 9.33495e-01 1.69483e+00 9.39646e-01 2.24369e+00 7.60027e-01], [1.74815e+04 1.57720e+03 -3.16882e+02 1.71450e+03 9.00697e+01 1.25027e+03 -1.29070e+01 1.21185e+03 -6.01190e+01 1.13408e+03 -1.72405e+01 1.05583e+03 3.38535e+00 3.27678e+00 2.26707e+00 4.84518e-01 -1.18299e-01 -2.00540e-01 -6.91835e-02 2.44731e-01 3.04911e-01 2.79205e-01 2.66712e-01 3.56280e-01 3.02777e-01 2.20166e-01 -8.21142e+00 -1.65623e+00 6.83249e-01 -7.32574e-01 -7.10304e-02 -1.90881e-01 -2.14444e-01 -4.21412e-01 -1.39143e-01 -4.22025e-01 -1.42514e-01 -4.71535e-01 -1.02724e-01])
Verosimilitud: -2.80919e+08
*************************
#31
Pesos: (1.48538e-01, 8.51462e-01)
Medias: ([1.01807e+04 -1.03138e+02 -2.08812e+02 9.06042e+02 -1.68950e+02 8.99140e+02 -1.82221e+02 7.97254e+02 -1.70599e+02 7.30539e+02 -1.23574e+02 6.16034e+02 -1.05939e+02 -5.03408e+01 -1.92881e+01 -3.14847e-01 -1.03036e+00 9.12996e-01 -7.80386e-01 -1.32661e+00 -2.62845e+00 -1.49595e+00 -3.29671e+00 -2.27650e+00 -2.75287e+00 -1.31410e+00 3.79621e+01 1.05249e+01 -3.04321e+00 3.35560e+00 5.42048e-01 1.07455e-01 1.44833e+00 1.57385e+00 9.33253e-01 1.69396e+00 9.39571e-01 2.24281e+00 7.59941e-01], [1.74814e+04 1.57718e+03 -3.16880e+02 1.71449e+03 9.00655e+01 1.25027e+03 -1.29094e+01 1.21184e+03 -6.01204e+01 1.13407e+03 -1.72416e+01 1.05582e+03 3.38402e+00 3.27414e+00 2.26581e+00 4.84462e-01 -1.18459e-01 -2.00672e-01 -6.93333e-02 2.44480e-01 3.04684e-01 2.79047e-01 2.66523e-01 3.56076e-01 3.02564e-01 2.20006e-01 -8.20803e+00 -1.65567e+00 6.83027e-01 -7.32229e-01 -7.09855e-02 -1.90719e-01 -2.14338e-01 -4.21217e-01 -1.39083e-01 -4.21838e-01 -1.42484e-01 -4.71337e-01 -1.02695e-01])
Verosimilitud: -2.80919e+08
*************************
#36
Pesos: (1.48537e-01, 8.51463e-01)
Medias: ([1.01807e+04 -1.03140e+02 -2.08812e+02 9.06042e+02 -1.68950e+02 8.99140e+02 -1.82221e+02 7.97254e+02 -1.70599e+02 7.30539e+02 -1.23574e+02 6.16034e+02 -1.05939e+02 -5.03401e+01 -1.92878e+01 -3.14868e-01 -1.03032e+00 9.13033e-01 -7.80350e-01 -1.32654e+00 -2.62839e+00 -1.49592e+00 -3.29667e+00 -2.27645e+00 -2.75282e+00 -1.31406e+00 3.79614e+01 1.05249e+01 -3.04316e+00 3.35551e+00 5.42035e-01 1.07407e-01 1.44831e+00 1.57381e+00 9.33242e-01 1.69392e+00 9.39568e-01 2.24277e+00 7.59936e-01], [1.74814e+04 1.57718e+03 -3.16880e+02 1.71449e+03 9.00652e+01 1.25026e+03 -1.29096e+01 1.21184e+03 -6.01205e+01 1.13407e+03 -1.72417e+01 1.05582e+03 3.38394e+00 3.27397e+00 2.26574e+00 4.84465e-01 -1.18466e-01 -2.00677e-01 -6.93402e-02 2.44466e-01 3.04672e-01 2.79039e-01 2.66513e-01 3.56065e-01 3.02552e-01 2.19998e-01 -8.20786e+00 -1.65564e+00 6.83016e-01 -7.32211e-01 -7.09826e-02 -1.90710e-01 -2.14333e-01 -4.21207e-01 -1.39080e-01 -4.21828e-01 -1.42482e-01 -4.71327e-01 -1.02693e-01])
Verosimilitud: -2.80919e+08
*************************
#41
Pesos: (1.48537e-01, 8.51463e-01)
Medias: ([1.01807e+04 -1.03140e+02 -2.08812e+02 9.06042e+02 -1.68950e+02 8.99140e+02 -1.82221e+02 7.97254e+02 -1.70599e+02 7.30539e+02 -1.23574e+02 6.16034e+02 -1.05939e+02 -5.03401e+01 -1.92878e+01 -3.14870e-01 -1.03032e+00 9.13034e-01 -7.80348e-01 -1.32654e+00 -2.62839e+00 -1.49592e+00 -3.29666e+00 -2.27645e+00 -2.75281e+00 -1.31406e+00 3.79613e+01 1.05249e+01 -3.04316e+00 3.35551e+00 5.42034e-01 1.07404e-01 1.44830e+00 1.57381e+00 9.33241e-01 1.69392e+00 9.39568e-01 2.24276e+00 7.59936e-01], [1.74814e+04 1.57718e+03 -3.16880e+02 1.71449e+03 9.00652e+01 1.25026e+03 -1.29096e+01 1.21184e+03 -6.01205e+01 1.13407e+03 -1.72417e+01 1.05582e+03 3.38393e+00 3.27396e+00 2.26573e+00 4.84465e-01 -1.18467e-01 -2.00677e-01 -6.93406e-02 2.44465e-01 3.04671e-01 2.79038e-01 2.66512e-01 3.56065e-01 3.02551e-01 2.19997e-01 -8.20785e+00 -1.65564e+00 6.83015e-01 -7.32210e-01 -7.09824e-02 -1.90710e-01 -2.14332e-01 -4.21207e-01 -1.39080e-01 -4.21828e-01 -1.42482e-01 -4.71327e-01 -1.02693e-01])
Verosimilitud: -2.80919e+08
*************************
#46
Pesos: (1.48537e-01, 8.51463e-01)
Medias: ([1.01807e+04 -1.03140e+02 -2.08812e+02 9.06042e+02 -1.68950e+02 8.99140e+02 -1.82221e+02 7.97254e+02 -1.70599e+02 7.30539e+02 -1.23574e+02 6.16034e+02 -1.05939e+02 -5.03401e+01 -1.92878e+01 -3.14870e-01 -1.03032e+00 9.13035e-01 -7.80348e-01 -1.32654e+00 -2.62839e+00 -1.49592e+00 -3.29666e+00 -2.27645e+00 -2.75281e+00 -1.31406e+00 3.79613e+01 1.05249e+01 -3.04316e+00 3.35551e+00 5.42034e-01 1.07404e-01 1.44830e+00 1.57381e+00 9.33241e-01 1.69392e+00 9.39568e-01 2.24276e+00 7.59936e-01], [1.74814e+04 1.57718e+03 -3.16880e+02 1.71449e+03 9.00652e+01 1.25026e+03 -1.29096e+01 1.21184e+03 -6.01205e+01 1.13407e+03 -1.72417e+01 1.05582e+03 3.38393e+00 3.27396e+00 2.26573e+00 4.84465e-01 -1.18467e-01 -2.00677e-01 -6.93406e-02 2.44465e-01 3.04671e-01 2.79038e-01 2.66512e-01 3.56065e-01 3.02551e-01 2.19997e-01 -8.20785e+00 -1.65564e+00 6.83015e-01 -7.32210e-01 -7.09824e-02 -1.90710e-01 -2.14332e-01 -4.21207e-01 -1.39080e-01 -4.21828e-01 -1.42482e-01 -4.71327e-01 -1.02693e-01])
Verosimilitud: -2.80919e+08
*************************
#51
Pesos: (1.48537e-01, 8.51463e-01)
Medias: ([1.01807e+04 -1.03140e+02 -2.08812e+02 9.06042e+02 -1.68950e+02 8.99140e+02 -1.82221e+02 7.97254e+02 -1.70599e+02 7.30539e+02 -1.23574e+02 6.16034e+02 -1.05939e+02 -5.03401e+01 -1.92878e+01 -3.14870e-01 -1.03032e+00 9.13035e-01 -7.80348e-01 -1.32654e+00 -2.62839e+00 -1.49592e+00 -3.29666e+00 -2.27645e+00 -2.75281e+00 -1.31406e+00 3.79613e+01 1.05249e+01 -3.04316e+00 3.35551e+00 5.42034e-01 1.07404e-01 1.44830e+00 1.57381e+00 9.33241e-01 1.69392e+00 9.39568e-01 2.24276e+00 7.59936e-01], [1.74814e+04 1.57718e+03 -3.16880e+02 1.71449e+03 9.00652e+01 1.25026e+03 -1.29096e+01 1.21184e+03 -6.01205e+01 1.13407e+03 -1.72417e+01 1.05582e+03 3.38393e+00 3.27396e+00 2.26573e+00 4.84465e-01 -1.18467e-01 -2.00677e-01 -6.93406e-02 2.44465e-01 3.04671e-01 2.79038e-01 2.66512e-01 3.56065e-01 3.02551e-01 2.19997e-01 -8.20785e+00 -1.65564e+00 6.83015e-01 -7.32210e-01 -7.09824e-02 -1.90710e-01 -2.14332e-01 -4.21207e-01 -1.39080e-01 -4.21828e-01 -1.42482e-01 -4.71327e-01 -1.02693e-01])
Verosimilitud: -2.80919e+08
*************************
#56
Pesos: (1.48537e-01, 8.51463e-01)
Medias: ([1.01807e+04 -1.03140e+02 -2.08812e+02 9.06042e+02 -1.68950e+02 8.99140e+02 -1.82221e+02 7.97254e+02 -1.70599e+02 7.30539e+02 -1.23574e+02 6.16034e+02 -1.05939e+02 -5.03401e+01 -1.92878e+01 -3.14870e-01 -1.03032e+00 9.13035e-01 -7.80348e-01 -1.32654e+00 -2.62839e+00 -1.49592e+00 -3.29666e+00 -2.27645e+00 -2.75281e+00 -1.31406e+00 3.79613e+01 1.05249e+01 -3.04316e+00 3.35551e+00 5.42034e-01 1.07404e-01 1.44830e+00 1.57381e+00 9.33241e-01 1.69392e+00 9.39568e-01 2.24276e+00 7.59936e-01], [1.74814e+04 1.57718e+03 -3.16880e+02 1.71449e+03 9.00652e+01 1.25026e+03 -1.29096e+01 1.21184e+03 -6.01205e+01 1.13407e+03 -1.72417e+01 1.05582e+03 3.38393e+00 3.27396e+00 2.26573e+00 4.84465e-01 -1.18467e-01 -2.00677e-01 -6.93406e-02 2.44465e-01 3.04671e-01 2.79038e-01 2.66512e-01 3.56065e-01 3.02551e-01 2.19997e-01 -8.20785e+00 -1.65564e+00 6.83015e-01 -7.32210e-01 -7.09824e-02 -1.90710e-01 -2.14332e-01 -4.21207e-01 -1.39080e-01 -4.21828e-01 -1.42482e-01 -4.71327e-01 -1.02693e-01])
Verosimilitud: -2.80919e+08
*************************
#61
Pesos: (1.48537e-01, 8.51463e-01)
Medias: ([1.01807e+04 -1.03140e+02 -2.08812e+02 9.06042e+02 -1.68950e+02 8.99140e+02 -1.82221e+02 7.97254e+02 -1.70599e+02 7.30539e+02 -1.23574e+02 6.16034e+02 -1.05939e+02 -5.03401e+01 -1.92878e+01 -3.14870e-01 -1.03032e+00 9.13035e-01 -7.80348e-01 -1.32654e+00 -2.62839e+00 -1.49592e+00 -3.29666e+00 -2.27645e+00 -2.75281e+00 -1.31406e+00 3.79613e+01 1.05249e+01 -3.04316e+00 3.35551e+00 5.42034e-01 1.07404e-01 1.44830e+00 1.57381e+00 9.33241e-01 1.69392e+00 9.39568e-01 2.24276e+00 7.59936e-01], [1.74814e+04 1.57718e+03 -3.16880e+02 1.71449e+03 9.00652e+01 1.25026e+03 -1.29096e+01 1.21184e+03 -6.01205e+01 1.13407e+03 -1.72417e+01 1.05582e+03 3.38393e+00 3.27396e+00 2.26573e+00 4.84465e-01 -1.18467e-01 -2.00677e-01 -6.93406e-02 2.44465e-01 3.04671e-01 2.79038e-01 2.66512e-01 3.56065e-01 3.02551e-01 2.19997e-01 -8.20785e+00 -1.65564e+00 6.83015e-01 -7.32210e-01 -7.09824e-02 -1.90710e-01 -2.14332e-01 -4.21207e-01 -1.39080e-01 -4.21828e-01 -1.42482e-01 -4.71327e-01 -1.02693e-01])
Verosimilitud: -2.80919e+08
*************************
#64
Pesos: (1.48537e-01, 8.51463e-01)
Medias: ([1.01807e+04 -1.03140e+02 -2.08812e+02 9.06042e+02 -1.68950e+02 8.99140e+02 -1.82221e+02 7.97254e+02 -1.70599e+02 7.30539e+02 -1.23574e+02 6.16034e+02 -1.05939e+02 -5.03401e+01 -1.92878e+01 -3.14870e-01 -1.03032e+00 9.13035e-01 -7.80348e-01 -1.32654e+00 -2.62839e+00 -1.49592e+00 -3.29666e+00 -2.27645e+00 -2.75281e+00 -1.31406e+00 3.79613e+01 1.05249e+01 -3.04316e+00 3.35551e+00 5.42034e-01 1.07404e-01 1.44830e+00 1.57381e+00 9.33241e-01 1.69392e+00 9.39568e-01 2.24276e+00 7.59936e-01], [1.74814e+04 1.57718e+03 -3.16880e+02 1.71449e+03 9.00652e+01 1.25026e+03 -1.29096e+01 1.21184e+03 -6.01205e+01 1.13407e+03 -1.72417e+01 1.05582e+03 3.38393e+00 3.27396e+00 2.26573e+00 4.84465e-01 -1.18467e-01 -2.00677e-01 -6.93406e-02 2.44465e-01 3.04671e-01 2.79038e-01 2.66512e-01 3.56065e-01 3.02551e-01 2.19997e-01 -8.20785e+00 -1.65564e+00 6.83015e-01 -7.32210e-01 -7.09824e-02 -1.90710e-01 -2.14332e-01 -4.21207e-01 -1.39080e-01 -4.21828e-01 -1.42482e-01 -4.71327e-01 -1.02693e-01])
Verosimilitud: -2.80919e+08

Converge.

Tiempo de ejecucion: 4390253 ms.